平台
指标
基线
07.25
07.26
07.27
07.28
07.29
07.30
07.31
08.01
08.02
08.03
08.04
08.05
08.06
08.07
08.08
08.09
08.10
08.11
08.12
08.13
08.14
08.15
08.16
08.17
08.18
08.19
08.20
08.21
08.22
上周平均
本周平均
Native
Android成功率
99.5%
100
100
100
100
100
100
100
100
100
100
100
100
100
100
100
100
100
100
100
100
100
100
100
100
100
100
100
100
100
100
100
iOS成功率
99.5%
99.99
99.99
99.99
99.99
99.99
99.99
99.99
99.99
99.98
99.99
99.99
99.98
99.99
99.99
99.99
99.99
99.99
99.99
99.99
99.99
99.99
99.99
99.99
99.99
99.99
99.99
100
100
100
99.99
99.99
Android Crash率
2‰
0.64
0.59
1.22
0.65
0.44
0.81
0.73
0.32
0.68
0.47
0.53
0.63
0.52
0.36
0.38
0.8
0.86
0.53
0.3
0.26
0.48
0.37
0.36
0.76
0.54
0.66
0.64
0.93
0.77
0.73
0.55
iOS Crash率
2‰
0.92
0.86
1.11
0.73
0.69
0.7
0.92
0.81
0.64
0.69
0.73
0.51
0.57
0.73
0.43
0.46
0.48
0.43
0.38
0.69
0.48
0.52
0.41
0.5
0.45
0.52
0.57
0.36
0.52
0.85
0.54
MRN
Android MRN错误率
2‱
0.8
0.5
0.18
0.35
0.18
0.18
0.08
0.1
0.31
0.15
0.19
0.14
0.1
0.5
0.14
0.32
0.41
0.2
0.11
0.36
0.15
0.12
0.19
0.33
0.26
0.42
0.32
0.2
0.13
0.33
0.23
iOS MRN错误率
2‱
2.6
1.91
1.1
1.06
0.89
0.99
0.7
0.58
1.13
1.84
2.32
0.84
0.25
0.33
0.64
0.33
0.35
0.84
0.35
0.4
0.72
0.63
1.93
1.24
2.24
2.92
4.61
5.05
4.31
1.35
1.52
秒开率
70%
85.51
85.32
85.18
85.34
85.32
85.38
85.34
85.82
85.37
85.12
85.02
84.42
85.67
85.65
85.72
85.79
85.08
85.28
86.5
86.29
86.25
86.66
86.46
86.03
86.15
85.68
85.81
86.06
86
85.34
85.76
容器
Android 容器 Crash率
2‱
0.42
0.27
0.36
0.22
0.29
0.44
0.15
0
0.37
0.24
0.17
0.09
0.09
0.18
0.09
0.27
0.33
0.11
0.22
0.21
0.3
0.22
0
0.81
0.25
0.26
0.92
0.42
0.45
0.31
0.25
iOS 容器 Crash率
2‱
0
0
1.18
0.61
1.84
0
0.62
0
0.66
0
0.77
0
0
0
0
0
0
0.91
0
0.86
0
0
0
0
0
0
0
0
3.1
0.59
0.23
Android 容器 JS错误率
2‱
0.92
0.57
0.2
0.39
0.19
0.19
0.09
0.11
0.35
0.16
0.18
0.16
0.11
0.58
0.15
0.33
0.46
0.22
0.12
0.38
0.16
0.13
0.21
0.26
0.27
0.4
0.27
0.2
0.14
0.33
0.23
iOS 容器 JS错误率
2‱
2.97
2.14
1.21
1.21
1
1.08
0.78
0.64
1.25
2.05
2.49
0.91
0.27
0.35
0.7
0.32
0.36
0.92
0.36
0.4
0.79
0.65
1.96
1.24
2.04
2.18
3.06
3.31
2.48
1.35
1.52
Web
端到端接口成功率
99.5%
99.96
99.96
99.96
99.96
99.96
99.96
99.96
99.96
99.96
99.96
99.95
99.96
99.96
99.96
99.96
99.95
99.96
99.96
99.96
99.96
99.96
99.96
99.96
99.96
99.96
99.96
99.96
99.96
99.96
99.96
99.96
JS错误率
3‰
1.43
1.55
1.81
1.73
1.61
1.61
1.5
1.53
1.88
1.96
2
1.97
1.73
1.5
1.46
1.84
1.88
1.92
2.11
1.92
1.84
1.81
1.87
2.08
2.08
2.08
2.35
2.24
2.21
1.61
1.92


平台
指标
基线
07.25
07.26
07.27
07.28
07.29
07.30
07.31
08.01
08.02
08.03
08.04
08.05
08.06
08.07
08.08
08.09
08.10
08.11
08.12
08.13
08.14
08.15
08.16
08.17
08.18
08.19
08.20
08.21
08.22
上周平均
本周平均
Native
美团Android成功率
99.5%
99.67
99.68
99.68
99.67
99.67
99.67
99.66
99.74
99.75
99.73
99.71
99.71
99.69
99.71
99.72
99.71
99.71
99.71
99.7
99.69
99.68
99.71
99.7
99.69
99.67
99.68
99.67
99.68
99.67
99.67
99.7
美团iOS成功率
99.5%
99.49
99.52
99.53
99.51
99.51
99.49
99.47
99.59
99.62
99.59
99.58
99.59
99.58
99.58
99.6
99.6
99.6
99.59
99.58
99.57
99.53
99.6
99.58
99.57
99.55
99.57
99.54
99.54
99.54
99.5
99.58
美团Android崩溃率
5‱
0.1
0.07
0.06
0.02
0.02
0.06
0.04
0.05
0.1
0.11
0.13
0.1
0.08
0.06
0.04
0.05
0.06
0.05
0.04
0.06
0.04
0.02
0.02
0.05
0.03
0.04
0.07
0.07
0.02
0.05
0.06
美团iOS崩溃率
5‱
0.15
0.11
0.09
0.1
0.07
0.18
0.16
0.12
0.08
0.1
0.09
0.08
0.05
0.11
0.06
0.06
0.05
0.09
0.07
0.09
0.14
0.09
0.09
0.13
0.12
0.12
0.24
0.11
0.1
0.12
0.1
MRN
Android MRN错误率
2‱
0.26
0.22
0.28
0.25
0.26
0.29
0.28
0.25
0.39
0.44
0.4
0.42
0.37
0.35
0.41
0.38
0.38
0.42
0.42
0.45
0.37
0.43
0.81
0.54
0.41
0.48
0.38
0.37
0.62
0.26
0.43
iOS MRN错误率
2‱
0.13
0.1
0.14
0.16
0.18
0.15
0.1
0.16
0.11
0.1
0.08
0.16
0.11
0.09
0.09
0.1
0.09
0.09
0.1
0.2
0.16
0.09
0.12
0.18
0.09
0.08
0.09
0.1
0.05
0.14
0.11
秒开率
90%
87.15
87.12
87.33
87.15
87.14
87.11
86.96
87.35
87.34
87.29
87.53
87.75
87.72
87.86
87.87
87.85
87.6
87.54
87.55
87.75
87.83
88.06
88
87.93
87.94
87.94
87.94
87.95
87.94
87.14
87.75
秒开率(国内住宿主流程)
90%
88.93
88.99
89.2
89.02
89.05
88.93
88.87
89.36
89.33
89.32
89.54
89.75
89.77
90.05
90.12
90.04
89.68
89.55
89.6
89.58
89.6
90.05
90.1
89.92
89.93
89.91
89.89
89.97
90.02
89
89.76
小程序
端到端成功率
99.5%
99.16
99.16
99.16
99.18
99.19
99.14
99.16
99.17
99.18
99.17
99.19
99.2
99.22
99.19
99.19
99.19
99.2
99.28
99.18
99.16
99.17
99.22
99.2
99.17
99.19
JS错误率
2‱
0.65
0.65
0.74
0.72
0.52
0.5
0.59
0.59
0.6
0.69
0.66
0.89
0.51
0.54
0.67
0.61
0.55
0.4
0.49
0.54
0.67
0.47
0.34
0.62
0.58


平台
指标
基线
07.25
07.26
07.27
07.28
07.29
07.30
07.31
08.01
08.02
08.03
08.04
08.05
08.06
08.07
08.08
08.09
08.10
08.11
08.12
08.13
08.14
08.15
08.16
08.17
08.18
08.19
08.20
08.21
08.22
上周平均
本周平均
Native
美团Android成功率
99.5%
99.84
99.85
99.84
99.84
99.84
99.84
99.84
99.86
99.87
99.86
99.86
99.86
99.85
99.86
99.86
99.86
99.86
99.86
99.85
99.85
99.85
99.86
99.86
99.86
99.85
99.85
99.85
99.85
99.84
99.84
99.86
美团iOS成功率
99.5%
99.69
99.69
99.69
99.68
99.66
99.67
99.67
99.71
99.7
99.69
99.67
99.67
99.67
99.7
99.7
99.67
99.66
99.66
99.65
99.67
99.64
99.69
99.67
99.66
99.66
99.66
99.66
99.68
99.68
99.68
99.67
美团Android崩溃率
5‱
0.04
0.07
0.08
0.02
0.03
0.01
0.03
0.04
0.12
0.05
0.09
0.04
0.03
0.12
0.04
0.04
0.04
0.04
0
0.01
0.03
0.08
0.01
0.05
0.03
0.01
0
0
0.02
0.04
0.04
美团iOS崩溃率
5‱
0.01
0
0.01
0
0
0.02
0
0.02
0
0
0
0.02
0.08
0.02
0
0
0.05
0.02
0
0
0.03
0.01
0.03
0.01
0.06
0.03
0
0.02
0.05
0.01
0.02
MRN
Android MRN错误率
2‱
0.05
0.07
0.03
0.06
0.01
0.03
0.03
0.06
0.05
0.09
0
0.12
0.04
0.04
0.07
0.08
0.07
0.05
0.08
0.02
0.02
0.03
0.05
0.02
0.12
0.47
0.2
0.19
0.27
0.04
0.1
iOS MRN错误率
2‱
0.14
0.13
0.14
0.17
0.13
0.13
0.12
0.1
0.09
0.13
0.15
0.12
0.43
0.24
0.11
0.25
0.28
0.15
0.14
0.17
0.12
0.11
0.13
0.09
0.12
0.62
0.39
0.44
0.68
0.13
0.23
秒开率
90%
90.46
90.44
90.65
90.27
90.31
90.06
90.61
90.8
90.91
90.8
90.91
91.08
91.09
91.43
91.31
91.64
91.2
91.12
91.28
91.36
91.66
91.22
91.35
91.59
91.29
91.83
91.55
91.78
91.71
90.41
91.31
小程序
端到端成功率
99.5%
99.68
99.68
99.72
99.68
99.73
99.72
99.72
99.73
99.68
99.74
99.71
99.7
99.74
99.67
99.64
99.68
99.64
99.54
99.67
99.66
99.69
99.72
99.71
99.7
99.68
JS错误率
2‱
0.09
0.27
0.38
1.41
0.23
0.33
0.5
0.25
0.44
0.45
0.58
0.73
0.53
0.91
0.72
0.36
0.77
0.17
0.64
0.31
0.65
3.62
0.69
0.44
0.72
